1.000000000000000000e+00 5.155811595841344186e-01 2.658239321181206649e-01 1.370538111666748937e-01 7.066236288673923005e-02 3.643218299609991828e-02 1.878374715531058031e-02 2.126829600368556061e+00
1.000000000000000000e+00 -1.156400289105887769e-01 1.337261628644180814e-02 -1.546409733974341049e-03 1.788268663444086862e-04 -2.067954399405741791e-05 2.391383065330592265e-06 -3.469207488596284805e-01
1.000000000000000000e+00 1.928853304652812017e+00 3.720475070870073786e+00 7.176250635326146821e+00 1.384193475296567932e+01 2.669906159104645482e+01 5.149857318101891934e+01 9.183680760934443299e+00
1.000000000000000000e+00 9.430177314687209211e-01 8.892824418644126316e-01 8.386091109619431272e-01 7.908232614083324785e-01 7.457603579659809467e-01 7.032652409883806133e-01 3.508512700554397234e+00
1.000000000000000000e+00 -1.609931568937018609e+00 2.591879656660010411e+00 -4.172748882142591320e+00 6.717840154608013314e+00 -1.081526293997618104e+01 1.741183323342224654e+01 -8.099165293813408439e-01
1.000000000000000000e+00 2.942135147622484403e-01 8.656159226875577428e-02 2.546759030480730962e-02 7.492909256102320628e-03 2.204515168032447972e-03 6.485981559335152451e-04 2.022264622739380346e-01
1.000000000000000000e+00 1.427584965869990619e+00 2.037998834778022239e+00 2.909416496989663425e+00 4.153439250556576923e+00 5.929387430748890075e+00 8.464704352955605415e+00 1.055482244244936041e+01
1.000000000000000000e+00 2.618309075570022237e-01 6.855542415212344254e-02 1.794992892370570955e-02 4.699846180677550757e-03 1.230564990865113664e-03 3.221999483660868430e-04 1.207263221281452026e+00
1.000000000000000000e+00 1.752099152230111034e+00 3.069851439245473657e+00 5.378684104174380920e+00 9.423987859037506354e+00 1.651176113844647375e+01 2.893024269249816172e+01 1.231419582412184255e+01
1.000000000000000000e+00 -1.671124346266394500e+00 2.792656580684284240e+00 -4.666876402742569319e+00 7.798930777639238698e+00 -1.303298309735923688e+01 2.177973535847542408e+01 -1.974391084772921801e+00
1.000000000000000000e+00 1.669498134879147777e+00 2.787224022364953147e+00 4.653265306828645365e+00 7.768617750848268777e+00 1.296969284563022384e+01 2.165287801573508730e+01 1.100184726706259930e+01
1.000000000000000000e+00 -3.769796608497737456e-01 1.421136646944104465e-01 -5.357396111861731369e-02 2.019629369287532020e-02 -7.613591946762562727e-03 2.870169309939119614e-03 8.763546211888757487e-01
1.000000000000000000e+00 6.092316225566829502e-02 3.711631699230485970e-03 2.261243402455007112e-04 1.377620987073258518e-05 8.392902692227803752e-07 5.113221725146297625e-08 -1.102852876437087737e+00
1.000000000000000000e+00 -2.655846503105918632e-01 7.053520648059936893e-02 -1.873306814773537457e-02 4.975215353260785921e-03 -1.321340829815653749e-03 3.509278422276976414e-04 1.363713210671947618e+00
1.000000000000000000e+00 -1.036090529830859364e+00 1.073483586005190782e+00 -1.112226177388849102e+00 1.152367009422563982e+00 -1.193956545352227172e+00 1.237047069669011679e+00 2.369947148245153290e+00
1.000000000000000000e+00 9.557760694976162874e-01 9.135078950243122886e-01 8.731089853613782648e-01 8.344966742717498942e-01 7.975919513442856212e-01 7.623193003187753725e-01 6.060577610390334158e+00
1.000000000000000000e+00 -1.733603641956060093e+00 3.005381587403315180e+00 -5.210140465390073139e+00 9.032318485902871785e+00 -1.565846022246826585e+01 2.714556366909508256e+01 -2.157501424775295717e+00
1.000000000000000000e+00 1.642766427750024238e+00 2.698681536142575776e+00 4.433303426763886890e+00 7.282882033516851372e+00 1.196407410192531096e+01 1.965417927375642293e+01 1.105553935130449084e+01
1.000000000000000000e+00 -5.241485532658889390e-01 2.747317058907244314e-01 -1.440002261788929094e-01 7.547751022162750567e-02 -3.956142778677739641e-02 2.073606513957231348e-02 -1.500765489159291421e-01
1.000000000000000000e+00 -1.126175880898569126e+00 1.268272114717668098e+00 -1.428297466011261063e+00 1.608514156970425990e+00 -1.811469847663988775e+00 2.040033651414189464e+00 1.954038523570378327e+00
1.000000000000000000e+00 -1.879728639163379622e+00 3.533379756891011247e+00 -6.641795122068173463e+00 1.248477250640718061e+01 -2.346798443373314669e+01 4.411344244352858368e+01 -6.746115816885351890e+00
1.000000000000000000e+00 -1.160510892617688805e+00 1.346785531884304943e+00 -1.562959279771643395e+00 1.813831268892889925e+00 -2.104970944920762754e+00 2.442841710224294083e+00 2.236626961069038355e+00
1.000000000000000000e+00 -7.796384935803533089e-01 6.078361806722426541e-01 -4.738924842429426687e-01 3.694648225342191394e-01 -2.880489976715112088e-01 2.245740866219476939e-01 4.134379793717859464e-01
1.000000000000000000e+00 2.918703338663761748e-01 8.518829179126989615e-02 2.486393516662421810e-02 7.257045058314541726e-03 2.118116164053600748e-03 6.182152719700924727e-04 3.126173922217755363e-01
1.000000000000000000e+00 1.033608373171714057e+00 1.068346269090677314e+00 1.104251649178885186e+00 1.141363750679969868e+00 1.179723129537489479e+00 1.219371704714287796e+00 5.601183195794177117e+00
1.000000000000000000e+00 -1.033607990823808498e+00 1.068345478694830097e+00 -1.104250423739463249e+00 1.141362061847685849e+00 -1.179720947548906107e+00 1.219368998328784315e+00 6.908336693956314001e-01
1.000000000000000000e+00 1.753577270910002373e+00 3.075033245052171793e+00 5.392308405816115702e+00 9.455829458176090441e+00 1.658152761545883536e+01 2.907698994343514443e+01 1.048776569095607236e+01
1.000000000000000000e+00 -1.974118799331414653e+00 3.897145033873706144e+00 -7.693427275091146100e+00 1.518773941504649017e+01 -2.998240189858998050e+01 5.918882323711638094e+01 -1.213563358064044628e+01
1.000000000000000000e+00 -8.722190913606142626e-01 7.607661433339355517e-01 -6.635547542766441209e-01 5.787651248431902040e-01 -5.048099913019398199e-01 4.403049119231375319e-01 2.427228746520352587e+00
1.000000000000000000e+00 -1.552715806032616497e+00 2.410926374303517861e+00 -3.743483488561980543e+00 5.812565982312306367e+00 -9.025263074343820691e+00 1.401366862913617517e+01 -7.792838758470763683e-01
1.000000000000000000e+00 1.219629441358343946e+00 1.487495974228066231e+00 1.814193884070561813e+00 2.212644273344703372e+00 2.698606099024139837e+00 3.291299448999031263e+00 8.160577874090813921e+00
1.000000000000000000e+00 1.489962351857068157e-01 2.219987809951445845e-02 3.307698258409278325e-03 4.928345876333016561e-04 7.343049812666225314e-05 1.094086776868377212e-05 5.997131515769055232e-01
1.000000000000000000e+00 1.830141831489993987e+00 3.349419123369549389e+00 6.129912048871157815e+00 1.121860846399364142e+01 2.053164464106247067e+01 3.757582172689578925e+01 1.147302744715582001e+01
1.000000000000000000e+00 -1.270737523541941583e+00 1.614773853737506482e+00 -2.051953727978676589e+00 2.607494598714278133e+00 -3.313441229019170375e+00 4.210514101765587824e+00 1.506899381749065903e+00
1.000000000000000000e+00 1.688702337868335235e-01 2.851715585921980878e-02 4.815698776882018986e-03 8.132281782990347574e-04 1.373300325913987246e-04 2.319095470966297301e-05 5.706176253714185798e-01
1.000000000000000000e+00 1.443737696352641375e+00 2.084378535869631843e+00 3.009295865703313755e+00 4.344633880794029679e+00 6.272511710553208886e+00 9.055861607339055652e+00 1.183019843206239763e+01
1.000000000000000000e+00 1.995579641219307199e-01 3.982338104448979177e-02 7.947072845690269019e-03 1.585901677814628664e-03 3.164793101222414078e-04 6.315596681470762560e-05 -5.249111643271588967e-01
1.000000000000000000e+00 -5.312994225664720016e-01 2.822790764194665902e-01 -1.499747103042596286e-01 7.968147698422704817e-02 -4.233472271096345996e-02 2.249241373084659434e-02 -1.776885643688292937e+00
1.000000000000000000e+00 -1.002980693575557858e+00 1.005970271685307171e+00 -1.008968760811321586e+00 1.011976187514610492e+00 -1.014992578435352844e+00 1.018017960293134072e+00 1.054272376977853254e+00
1.000000000000000000e+00 1.209757425101961381e+00 1.463513027589327775e+00 1.770495751859640921e+00 2.141870381923680178e+00 2.591143598138145876e+00 3.134655207353035156e+00 9.038573531470042610e+00
1.000000000000000000e+00 -8.087019291709465207e-01 6.539988102448106577e-01 -5.288900995204821598e-01 4.277144438016277639e-01 -3.458934958366547963e-01 2.797247373707854590e-01 2.633330790443327851e-01
1.000000000000000000e+00 6.898886899578600129e-01 4.759464045317722825e-01 3.283500415125780725e-01 2.265249799867214420e-01 1.562770216857697070e-01 1.078137497613117501e-01 3.788687222727635362e+00
1.000000000000000000e+00 2.014186557141647960e+00 4.056947486970124750e+00 8.171449091284817001e+00 1.645882291203321302e+01 3.315113985579225186e+01 6.677258025145945908e+01 5.475166698653855413e+00
1.000000000000000000e+00 1.509113181561737349e+00 2.277422594763389263e+00 3.436888457743965564e+00 5.186653675138808595e+00 7.827247429347605312e+00 1.181220227097369424e+01 1.078861630888480150e+01
1.000000000000000000e+00 -3.035801097858961128e-01 9.216088305761672983e-02 -2.797821099659642333e-02 8.493628365959708312e-03 -2.578496631818649482e-03 7.827802905700689384e-04 -8.157325409047436748e-01
1.000000000000000000e+00 6.021134323538079869e-01 3.625405854208836876e-01 2.182905562553272005e-01 1.314356760773170707e-01 7.913918605665667960e-02 4.765076695026017328e-02 1.105558828007423555e+00
1.000000000000000000e+00 -2.691786474909048099e-01 7.245714426503278849e-02 -1.950391609431489925e-02 5.250037755043774831e-03 -1.413198062178869533e-03 3.804027430140756753e-04 2.457258091652222420e-01
1.000000000000000000e+00 -3.125666635061741250e-01 9.769791913538188044e-02 -3.053711261564232005e-02 9.544883403383616974e-03 -2.983412358951073248e-03 9.325152469004213034e-04 -6.938160916246092214e-01
1.000000000000000000e+00 -1.891006316666686615e+00 3.575904889673309217e+00 -6.762058734171518815e+00 1.278709577998947999e+01 -2.418047889178204102e+01 4.572543832438532263e+01 -7.090170092709000116e+00
1.000000000000000000e+00 -6.917429359056634919e-01 4.785082893753868638e-01 -3.310047289477269228e-01 2.289701830009589767e-01 -1.583885066239404116e-01 1.095641305857581599e-01 7.568978472135001745e-01
